4294967279,559
4294967278,235
4294967278,224
4294967279,217
4294967278,291
4294967278,290
4294967278,25
4294967279,285
4294967279,22
4294967279,18
4294967279,212
4294967278,388
4294967279,318
4294967294,1417
4294967279,315
4294967279,314
4294967278,195
4294967279,193
106,5
106,4
106,3
106,2
106,1
4294967279,555
4294967279,189
4294967279,188
4294967279,187
4294967279,186
104,4
104,3
104,2
104,1
4294967279,553
4294967278,368
103,6
4294967294,386
4294967279,180
4294967278,317
103,5
103,4
103,3
103,2
103,1
4294967278,175
4294967279,289
102,5
102,4
102,3
102,2
102,1
4294967294,120
4294967278,167
4294967294,388
4294967279,162
4294967279,161
101,5
101,4
101,3
101,2
101,1
4294967279,159
100,4
100,3
100,2
100,1
4294967279,290
4294967278,342
4294967279,149
4294967294,468
4294967278,147
4294967279,144
98,4
98,3
98,2
98,1
4294967279,287
0,7
4294967294,0
4294967294,5
4294967279,313
4294967279,260
4294967279,0
4294967278,292
4294967279,296
4294967278,307
4294967294,469
4294967294,393
4294967294,392
4294967294,389
4294967294,44
4294967279,137
4294967278,387
4294967278,0
4294967294,46
4294967294,902
4294967294,29
4294967294,185
4294967294,903
4294967294,1416
4294967294,28
4294967294,27
4294967294,912
4294967294,453
4294967294,164
4294967294,190
4294967294,1
4294967294,116
4294967294,2
4294967294,107
4294967294,91
4294967294,90
4294967294,87
4294967294,86
4294967294,85
4294967294,84
4294967294,950
4294967294,921
4294967294,949
4294967294,418
4294967294,920
4294967294,53
4294967294,45
4294967294,426
4294967294,96
4294967294,94
4294967278,276
4294967294,75
4294967279,279
4294967279,278
4294967278,283
4294967278,271
4294967294,93
4294967294,95
4294967279,264
4294967294,50
4294967294,30
4294967294,61
4294967294,92
4294967294,88
4294967294,22
4294967294,17
4294967294,42
4294967294,99
4294967294,76
4294967294,41
4294967294,423
4294967294,43
4294967294,416
4294967294,51
4294967294,52
4294967294,470
4294967294,25
4294967294,946
4294967294,26
4294967279,263
4294967278,265
4294967294,82
4294967294,1414
4294967294,83
4294967294,81
4294967294,7
4294967294,67
4294967294,11
4294967294,18
4294967294,127
4294967294,14
4294967294,126
4294967294,20
4294967294,13
4294967294,12
4294967294,68
4294967279,528
4294967279,254
4294967279,253
4294967278,257
4294967278,254
4294967278,244
4294967278,243
4294967279,242
4294967278,132
4294967278,131
4294967278,130
4294967278,129
4294967278,128
4294967278,127
4294967278,126
4294967278,125
4294967278,124
4294967278,123
4294967278,122
4294967278,121
4294967278,120
4294967278,119
4294967278,118
4294967278,117
4294967278,116
4294967278,115
4294967278,114
4294967278,113
4294967278,112
4294967278,111
4294967278,110
4294967278,109
4294967278,108
4294967278,225
4294967278,107
4294967278,106
4294967278,105
4294967278,104
4294967278,103
4294967278,102
4294967278,101
4294967278,100
4294967278,99
4294967278,98
4294967278,97
4294967278,96
4294967278,95
4294967278,94
4294967278,93
4294967278,92
4294967278,91
4294967278,90
4294967278,89
4294967278,87
4294967278,86
4294967278,85
4294967278,84
4294967278,83
4294967278,82
4294967278,81
4294967278,80
4294967278,79
4294967278,78
4294967278,77
4294967278,76
4294967278,75
4294967278,74
4294967278,73
4294967278,72
4294967278,71
4294967278,70
4294967278,69
4294967278,68
4294967278,67
4294967278,66
4294967278,65
4294967278,64
4294967278,63
4294967278,62
4294967278,61
4294967278,60
4294967278,59
4294967278,58
4294967278,57
4294967278,56
4294967278,55
4294967278,54
4294967278,53
4294967278,52
4294967278,51
4294967278,50
4294967278,49
4294967278,48
4294967278,47
4294967278,46
4294967278,45
4294967278,44
4294967278,43
4294967278,42
4294967278,41
4294967278,40
4294967278,39
4294967279,26
4294967279,25
4294967279,23
4294967279,20
4294967279,19
4294967279,11
4294967279,9
4294967279,8
4294967279,7
4294967279,6
4294967279,5
4294967279,4
4294967278,239
4294967279,238
4294967279,235
4294967278,232
4294967279,228
4294967278,227
4294967279,225
4294967279,226
4294967279,223
4294967294,1420
4294967278,221
4294967279,215
4294967278,212
4294967278,214
97,5
4294967279,558
97,4
4294967278,213
97,3
97,2
97,1
4294967279,213
4294967279,211
4294967278,210
4294967279,210
4294967278,209
4294967279,209
4294967278,208
4294967279,207
95,4
95,3
95,2
95,1
4294967278,355
4294967279,206
4294967278,205
94,6
4294967278,201
4294967279,316
94,5
4294967279,199
4294967279,198
94,4
94,3
94,2
94,1
4294967278,322
4294967279,197
4294967278,196
4294967279,195
4294967278,386
4294967279,194
93,5
93,4
93,3
93,2
93,1
4294967279,554
4294967294,436
4294967279,190
4294967278,352
4294967279,310
4294967278,385
4294967279,184
4294967279,181
92,5
92,4
92,3
92,2
92,1
4294967278,181
4294967279,179
4294967279,178
91,4
4294967278,177
91,3
91,2
91,1
4294967278,350
4294967294,910
4294967294,391
4294967279,176
4294967279,175
4294967279,323
4294967279,173
4294967278,171
4294967279,552
4294967279,169
4294967279,168
4294967279,167
4294967278,166
4294967279,166
89,4
89,3
89,2
89,1
4294967279,322
4294967278,384
4294967278,312
4294967279,302
4294967278,311
4294967279,534
4294967279,301
4294967278,310
4294967279,533
4294967279,291
4294967278,299
4294967279,532
4294967294,471
4294967278,298
4294967294,9
4294967294,8
4294967278,343
4294967279,156
4294967294,6
4294967279,152
4294967294,969
0,5
4294967278,152
4294967293,131
4294967293,130
4294967293,129
4294967293,128
4294967293,127
4294967293,126
4294967293,125
4294967293,124
4294967293,123
4294967293,122
4294967293,121
4294967293,120
4294967293,119
4294967293,118
4294967293,117
4294967293,116
4294967293,115
4294967293,114
4294967293,113
4294967293,112
4294967293,111
4294967293,110
4294967293,109
4294967293,108
